6
12
15
20
21
28
29
31
37
44
45
46
56
61
85
88
93
94
96
97
107
114
115
117
119
120
121
128
146
147
149
151
154
155
158
161
165
174
175
184
190
192
193
201
213
231
257
263
274
278
286
287
289
290
293
299
302
305
306
307
318
321
322
323
325
327
328
329
339
342
344
346
351
368
369
379
385
386
390
402
403
404
406
407
412
418
424
425
426
428
437
443
445
449
458
461
465
473
474
479
485
493
499
511
525
533
542
548
549
554
557
563
568
577
581
584
587
598
600
622
625
632
635
636
639
647
659
666
668
674
677
678
679
680
682
689
694
698
702
703
731
752
754
755
760
761
780
787
794
802
813
834
842
849
856
858
859
860
868
872
875
878
882
889
899
903
905
914
917
934
937
942
945
947
949
950
953
956
962
965
966
968
970
976
992
999
1000
1006
1014
1021
1028
1045
1047
1049
1069
1079
1083
1092
1093
1100
1105
1114
1118
1127
1134
1135
1144
1146
1147
1148
1152
1160
1161
1163
1166
1167
1169
1172
1176
1178
1181
1185
1189
1191
1193
1196
1197
1198
1200
1204
1212
1216
1220
1221
1223
1224
1228
1231
1236
1289
1290
1296
1302
1318
1319
1321
1322
1323
1328
1341
1349
1351
1354
1362
1364
1366
1377
1388
1402
1409
1411
1412
1416
1421
1422
1426
1428
1429
1430
1436
1437
1441
1455
1456
1457
1458
1459
1467
1468
1469
1471
1474
1480
1486
1487
1492
1493
1495
1499
1500
1508
1509
1512
1527
1528
1539
1540
1544
1545
1549
1552
1555
1564
1580
1599
1601
1610
1612
1614
1621
1626
1631
1632
1640
1647
1649
1651
1652
1656
1658
1661
1662
1665
1678
1684
1706
1707
1716
1717
1726
1727
1728
1736
1747
1749
1761
1768
1774
1779
1787
1790
1791
1793
1797
1803
1810
1814
1819
1830
1862
1863
1865
1866
1868
1870
1875
1876
1881
1884
1887
1889
1890
1898
1899
1900
1901
1903
1912
1913
1923
1926
1927
1930
1932
1933
1935
1938
1949
1958
1964
1965
1978
1979
1980
1988
1992
1994
1996
1999
2006
2009
2015
2021
2035
2037
2040
2045
2047
2049
2050
2057
2058
2059
2067
2068
2069
2074
2080
2083
2086
2088
2091
2092
2098
2100
2107
2113
2115
2117
2120
2121
2122
2128
2129
2132
2133
2137
2145
2153
2160
2199
2200
2213
2214
2215
2217
2226
2227
2236
2273
2276
2282
2294
2313
2315
2316
2317
2318
2324
2328
2329
2331
2332
2337
2350
2359
2360
2366
2368
2369
2375
2376
2377
2378
2379
2382
2383
2384
2385
2386
2388
2389
2391
2393
2396
2398
2400
2401
2406
2407
2408
2410
2411
2418
2421
2423
2429
2432
2433
2438
2440
2442
2443
2447
2451
2455
2456
2461
2462
2467
2474
2495
2516
2519
2523
2524
2527
2528
2540
2551
2554
2563
2575
2584
2587
2588
2594
2603
2605
2635
2641
2662
2669
2674
2678
2681
2684
2688
2690
2693
2695
2696
2710
2720
2724
2728
2738
2740
2747
2750
2756
2758
2761
2762
2765
2783
2784
2785
2788
2813
2819
2837
2846
2850
2854
2857
2859
2866
2873
2878
2881
2888
2892
2894
2899
2911
2927
2928
2941
2945
2954
2973
2975
2993
3024
3027
3043
3045
3053
3055
3064
3071
3074
3075
3076
3078
3080
3084
3085
3088
3089
3099
3104
3105
3107
3108
3110
3113
3116
3119
3121
3126
3127
3130
3132
3133
3137
3139
3146
3147
3158
3180
3187
3189
3191
3225
3227
3228
3229
3236
3239
3240
3245
3253
3254
3262
3266
3268
3273
3274
3281
3287
3293
3294
3301
3312
3316
3322
3324
3329
3330
3332
3334
3335
3338
3340
3342
3347
3351
3358
3361
3362
3367
3386
3391
3397
3399
3400
3404
3408
3416
3417
3419
3423
3434
3437
3439
3442
3443
3445
3457
3460
3464
3474
3476
3485
3486
3488
3494
3503
3505
3507
3510
3514
3519
3520
3522
3527
3530
3533
3539
3541
3542
3545
3549
3557
3561
3582
3584
3585
3594
3598
3605
3611
3628
3633
3637
3638
3647
3664
3667
3681
3686
3689
3694
3696
3697
3706
3715
3720
3722
3725
3729
3734
3735
3743
3744
3751
3756
3757
3761
3767
3768
3770
3777
3779
3785
3788
3790
3792
3794
3797
3814
3817
3829
3832
3834
3836
3839
3840
3841
3843
3844
3849
3852
3854
3855
3865
3869
3872
3878
3881
3885
3886
3889
3894
3896
3901
3902
3904
3908
3911
3912
3913
3919
3920
3921
3923
3925
3926
3929
3930
3934
3939
3940
3941
3944
3952
3958
3961
3975
3978
3984
3985
3990
3991
3993
3994
4005
4015
4022
4024
4026
4033
4036
4037
4038
4046
4048
4050
4054
4056
4061
4064
4067
4069
4074
4075
4076
4079
4081
4092
4104
4108
4116
4120
4121
4127
4129
4139
4147
4165
4171
4196
4201
4205
4234
4245
4246
4251
4255
4257
4262
4266
4267
4271
4281
4284
4286
4304
4310
4340
4341
4343
4350
4376
4379
4385
4394
4395
4399
4405
4407
4409
4412
4414
4415
4432
4438
4443
4444
4451
4454
4455
4458
4471
4475
4479
4495
4507
4511
4514
4520
4523
4534
4535
4537
4550
4558
4572
4575
4589
4590
4593
4594
4595
4602
4604
4605
4606
4608
4609
4610
4611
4613
4615
4616
4620
4622
4624
4636
4641
4642
4643
4644
4647
4657
4661
4666
4667
4668
4672
4673
4674
4676
4677
4683
4686
4690
4700
4702
4706
4707
4710
4712
4713
4714
4717
4721
4727
4731
4734
4742
4757
4759
4782
4794
4820
4847
4859
4872
4876
4878
4887
4888
4889
4895
4896
4897
4899
4910
4912
4913
4916
4927
4931
4937
4940
4942
4944
4945
4951
4959
4964
4970
4971
4984
5001
5041
5048
5055
5056
5063
5071
5075
5092
5107
5115
5127
5132
5158
5163
5164
5176
5178
5183
5186
5190
5192
5195
5226
5230
5231
5232
5235
5236
5238
5244
5249
5251
5252
5258
5259
5268
5273
5289
5290
5298
5302
5303
5305
5309
5314
5324
5330
5337
5347
5349
5354
5357
5362
5366
5373
5375
5376
5382
5387
5388
5390
5393
5398
5402
5412
5416
5423
5428
5431
5433
5438
5492
5499
5516
5523
5530
5533
5543
5575
5576
5578
5585
5604
5614
5619
5620
5627
5630
5634
5635
5642
5698
5704
5728
5734
5796
5847
5850
5866
5880
5886
5888
5889
5890
5893
5894
5899
5900
5906
5913
5971
6026
6029
6039
6042
6046
6079
6085
6087
6091
6097
6105
6110
6115
6118
6120
6125
6131
6152
6161
6165
6167
6170
6173
6175
6178
6179
6180
6182
6188
6192
6196
6202
6203
6208
6220
6221
6231
6250
6251
6267
6278
6289
6292
6296
6305
6312
6323
6324
6328
6344
6360
6366
6368
6371
6377
6380
6383
6388
6396
6399
6402
6407
6409
6441
6443
6457
6461
6486
6487
6491
6497
6499
6509
6517
6519
6533
6537
6538
6540
6543
6549
6550
6557
6565
6583
6585
6586
6589
6606
6612
6617
6618
6621
6624
6628
6629
6647
6648
6650
6672
6676
6677
6686
6687
6688
6690
6691
6692
6695
6697
6706
6711
6729
6731
6740
6742
6748
6752
6767
6780
6784
6786
6797
6800
6806
6808
6811
6812
6813
6828
6832
6853
6859
6862
6866
6878
6880
6889
6911
6913
6916
6923
6938
6951
6956
6960
6965
6970
6973
6974
6984
6989
6994
7019
7024
7025
7026
7035
7045
7052
7055
7074
7082
7087
7100
7111
7120
7121
7131
7135
7142
7144
7146
7155
7156
7157
7159
7160
7163
7165
7167
7170
7186
7189
7190
7205
7217
7221
7230
7237
7254
7255
7258
7264
7287
7305
7319
7336
7356
7358
7359
7366
7368
7388
7399
7413
7419
7430
7436
7438
7449
7450
7459
7468
7479
7480
7482
7508
7509
7522
7523
7527
7548
7555
7559
7561
7574
7592
7609
7612
7616
7617
7620
7634
7646
7647
7655
7658
7663
7664
7675
7677
7680
7708
7709
7717
7727
7729
7743
7748
7764
7765
7767
7772
7780
7783
7787
7813
7815
7820
7824
7834
7836
7837
7844
7845
7849
7850
7852
7858
7863
7870
7879
7893
7902
7912
7922
7935
7943
7947
7952
7958
7961
7974
7981
7992
7993
7996
8006
8007
8009
8010
8017
8020
8022
8026
8045
8046
8049
8050
8058
8067
8072
8104
8105
8115
8117
8127
8133
8136
8149
8151
8154
8162
8170
8180
8183
8184
8191
8198
8202
8208
8210
8236
8243
8246
8251
8257
8268
8275
8287
8289
8294
8295
8297
8300
8302
8305
8306
8307
8308
8309
8311
8316
8322
8323
8325
8333
8334
8351
8355
8356
8357
8360
8362
8379
8387
8388
8391
8395
8403
8409
8429
8449
8453
8469
8473
8474
8486
8494
8499
8501
8519
8527
8531
8542
8548
8549
8551
8552
8559
8561
8566
8568
8570
8572
8573
8575
8587
8588
8590
8593
8599
8601
8602
8604
8606
8607
8612
8624
8633
8641
8668
8669
8676
8688
8690
8691
8695
8696
8698
8704
8708
8716
8722
8748
8752
8755
8758
8761
8762
8763
8764
8772
8773
8774
8778
8779
8780
8784
8786
8788
8789
8800
8803
8813
8814
8815
8819
8821
8824
8829
8831
8832
8857
8859
8862
8873
8874
8877
8887
8889
8892
8905
8909
8916
8930
8933
8939
8955
8961
8962
8963
8966
8969
8977
8983
8986
8990
8991
8994
9004
9005
9025
9036
9039
9043
9052
9056
9069
9070
9072
9081
9083
9086
9097
9099
9102
9109
9115
9118
9128
9133
9134
9135
9136
9139
9155
9160
9177
9179
9187
9192
9193
9195
9211
9215
9216
9219
9220
9224
9230
9235
9237
9240
9246
9250
9252
9254
9256
9258
9259
9294
9300
9332
9337
9338
9342
9345
9347
9352
9355
9359
9365
9383
9384
9394
9400
9403
9409
9422
9424
9434
9465
9469
9488
9499
9508
9511
9515
9519
9522
9523
9538
9540
9554
9571
9577
9579
9581
9583
9587
9590
9597
9598
9599
9617
9618
9620
9621
9622
9626
9630
9631
9635
9646
9647
9652
9655
9657
9658
9660
9663
9665
9666
9670
9671
9672
9678
9680
9684
9685
9692
9693
9694
9731
9738
9753
9763
9774
9785
9794
9808
9817
9818
9826
9827
9828
9834
9842
9843
9845
9846
9849
9852
9853
9854
9856
9859
9862
9864
9866
9867
9868
9870
9873
9874
9883
9887
9888
9889
9890
9891
9892
9893
9905
9909
9913
9915
9917
9918
9921
9935
9937
9946
9947
9951
9954
9956
9957
9961
9962
9964
9966
9969
9972
9973
9977
9982
9984
9989
10005
10011
10014
10017
10031
10033
10044
10048
10049
10060
10069
10084
10085
10096
10125
10128
10129
10131
10140
10158
10159
10160
10169
10174
10178
10180
10183
10184
10187
10192
10193
10195
10196
10199
10200
10201
10204
10206
10207
10208
10223
10225
10229
10230
10242
10244
10245
10247
10250
10253
10256
10258
10262
10263
10265
10270
10271
10274
10275
10278
10279
10281
10283
10285
10291
10299
10302
10303
10304
10306
10309
10316
10322
10327
10329
10332
10346
10348
10349
10351
10354
10356
10357
10363
10368
10384
10396
10406
10411
10414
10419
10433
10435
10457
10469
10474
10479
10494
10496
10514
10517
10518
10521
10526
10532
10535
10537
10540
10548
10549
10550
10551
10553
10560
10563
10565
10566
10571
10573
10575
10576
10579
10582
10583
10586
10590
10592
10596
10597
10598
10599
10600
10602
10605
10607
10610
10614
10616
10618
10632
10633
10635
10640
10641
10644
10649
10651
10652
10655
10657
10658
10659
10660
10661
10662
10663
10664
10667
10670
10671
10675
10676
10677
10680
10683
10684
10685
10686
10692
10694
10697
10698
10700
10713
10719
10722
10725
10726
10730
10731
10732
10746
10749
10751
10752
10755
10757
10761
10762
10764
10765
10770
10771
10772
10773
10780
10781
10789
10790
10791
10797
10802
10804
10807
10808
10812
10814
10815
10817
10824
10831
10851
10856
10858
10867
10868
10871
10881
10883
10892
10896
10898
10902
10916
10917
10927
10929
10930
10935
10936
10940
10943
10945
10947
10951
10954
10956
10957
10961
10962
10971
10972
10975
10976
10977
10980
11000
11007
11013
11019
11020
11030
11032
11036
11047
11053
11054
11072
11074
11080
11089
11091
11104
11107
11113
11122
11137
11138
11146
11150
11162
11176
11184
11185
11191
11199
11222
11230
11237
11238
11239
11245
11246
11259
11261
11267
11288
11300
11304
11307
11310
11312
11314
11318
11319
11320
11325
11326
11329
11334
11335
11338
11343
11344
11347
11349
11350
11354
11355
11359
11363
11365
11373
11381
11383
11390
11400
11402
11419
11425
11428
11430
11440
11445
11447
11466
11486
11493
11495
11503
11505
11514
11523
11534
11538
11544
11546
11550
11551
11561
11562
11571
11572
11581
11582
11583
11584
11588
11589
11590
11591
11600
11605
11608
11609
11619
11627
11628
11629
11630
11631
11633
11648
11652
11662
11669
11671
11674
11675
11678
11679
11681
11686
11687
11688
11689
11690
11691
11696
11707
11712
11726
11727
11732
11741
11747
11762
11771
11775
11776
11781
11784
11789
11794
11796
11799
11804
11827
11836
11844
11853
11881
11885
11888
11889
11891
11894
11895
11905
11906
11907
11909
11919
11921
11935
11940
11941
11943
11947
11958
11962
11974
11988
11999
12001
12002
12005
12007
12010
12011
12019
12028
12029
12031
12033
12034
12045
12046
12064
12065
12077
12100
12102
12105
12108
12109
12113
12128
12132
12140
12141
12144
12158
12159
12162
12163
12172
12177
12180
12181
12184
12194
12195
12203
12206
12211
12212
12214
12230
12232
12234
12238
12256
12261
12270
12274
12277
12286
12289
12308
12339
12345
12348
12349
12358
12365
12376
12377
12382
12385
12400
12402
12407
12414
12417
12429
12430
12436
12443
12444
12450
12452
12456
12458
12461
12464
12466
12470
12474
12477
12481
12484
12490
12500
12501
12503
12504
12505
12515
12525
12528
12529
12530
12532
12552
12557
12560
12566
12578
12585
12588
12596
12598
12603
12610
12612
12614
12617
12618
12619
12620
12622
12623
12624
12628
12634
12636
12637
12639
12644
12645
12646
12649
12651
12653
12655
12691
12743
12745
12777
12827
12832
12889
12899
12941
